# Created by Octave 4.2.2, Sun May 16 14:17:10 2021 PST <icomanman@sota1911>
# name: J
# type: matrix
# rows: 9
# columns: 1
 -0.7262192643874822
 -1.204758129098202
 -1.368126924692202
 -1.138877266897742
 -0.7065336658851009
 -0.3803351225526698
 -0.1728625427221195
 -0.09834865392179118
 0.002956346883269623


# name: X
# type: matrix
# rows: 1
# columns: 9
 0.1 0.2 0.4 0.6 0.9 1.3 1.5 1.7 1.8


# name: Y
# type: matrix
# rows: 1
# columns: 9
 0.75 1.25 1.45 1.25 0.85 0.55 0.35 0.28 0.18


# name: a
# type: scalar
0.25


# name: b
# type: scalar
-0.5


