# Created by Octave 4.2.2, Mon Jun 28 11:16:06 2021 PST <icomanman@sota1911>
# name: L
# type: matrix
# rows: 3
# columns: 1
 1.671454508218861
 0.4066601375880964
 0.7353618726744959


# name: Lt
# type: matrix
# rows: 3
# columns: 1
 47.16448392568657
 -13.7863080016186
 5


# name: M
# type: matrix
# rows: 3
# columns: 1
 0.4484251004873249
 0.3373069112005168
 3.112525130059104


# name: Mf
# type: matrix
# rows: 3
# columns: 3
 0.36261 0 0
 0 0.36261 0
 0 0 0.181305


# name: Mn
# type: matrix
# rows: 3
# columns: 1
 1.236659497772607
 0.9302195504826585
 8.583671520529233


# name: PHI
# type: matrix
# rows: 3
# columns: 3
 0.4268142820784155 0.5513179454345429 2.124665479747437
 0.7446402261404452 0.3553421921535534 -1.889303607072941
 1 -1 1


# name: S
# type: matrix
# rows: 3
# columns: 3
 0.5768771899112866 0.2410173291121099 0.1820197781633658
 1.006447017327981 0.1553434398116466 -0.1618563612581226
 0.6757941499779769 -0.2185828804485428 0.04283492622683426


# name: a
# type: scalar
7.446402261404453


# name: ans
# type: scalar
2.327988064310658


# name: b
# type: scalar
7.106843843071068


# name: c
# type: scalar
-28.33955410609412


# name: diag_m
# type: matrix
# rows: 3
# columns: 1
 1
 1
 0.5


# name: f1
# type: matrix
# rows: 3
# columns: 1
 32.29761400152816
 56.34793305598941
 18.9178381310553


# name: f2
# type: matrix
# rows: 3
# columns: 1
 13.49383334872243
 8.697210679239621
 -6.11889811517324


# name: f3
# type: matrix
# rows: 3
# columns: 1
 10.19073840771591
 -9.061849508056728
 1.199099164651475


# name: fake_mass
# type: matrix
# rows: 3
# columns: 3
 1 0 0
 0 1 0
 0 0 1


# name: h
# type: matrix
# rows: 3
# columns: 1
 10
 20
 30


# name: k
# type: matrix
# rows: 3
# columns: 3
 2 -1 0
 -1 1.5 -0.5
 0 -0.5 0.5


# name: kf
# type: scalar
880


# name: m
# type: matrix
# rows: 3
# columns: 3
 1 0 0
 0 1 0
 0 0 0.5


# name: mf
# type: scalar
0.36261


# name: modal_mass
# type: matrix
# rows: 3
# columns: 1
 6.230160109255798
 0.490272988817776
 0.173735812945251


# name: s1
# type: matrix
# rows: 3
# columns: 1
 0.5768771899112866
 1.006447017327981
 0.6757941499779769


# name: s2
# type: matrix
# rows: 3
# columns: 1
 0.2410173291121099
 0.1553434398116466
 -0.2185828804485428


# name: s3
# type: matrix
# rows: 3
# columns: 1
 0.1820197781633658
 -0.1618563612581226
 0.04283492622683426


# name: u
# type: matrix
# rows: 3
# columns: 3
 1.590902594829945 0.6646736965668625 0.5019712036716193
 2.775563325137148 0.428403628724102 -0.4463648582723109
 3.727388378577407 -1.205608672946377 0.2362589350918854


# name: u1
# type: matrix
# rows: 3
# columns: 1
 1.590902594829945
 2.775563325137148
 3.727388378577407


# name: u2
# type: matrix
# rows: 3
# columns: 1
 0.6646736965668625
 0.428403628724102
 -1.205608672946377


# name: u3
# type: matrix
# rows: 3
# columns: 1
 0.5019712036716193
 -0.4463648582723109
 0.2362589350918854


# name: w
# type: matrix
# rows: 3
# columns: 1
 24.89383558921633
 57.35276799189633
 83.7359685884383


# name: xi
# type: matrix
# rows: 3
# columns: 1
 3.727388378577407
 1.205608672946377
 0.2362589350918854


# name: xin
# type: matrix
# rows: 3
# columns: 1
 1.351588299955954
 0.4371657608970856
 0.08566985245366852


